docker compose run pipe_satellite_data \
  satellite_data_daily \
  -u=andres@globalfishingwatch.org \
  -p=1opXIu16VBgEjk1s \
  -d=2026-01-12 \
  -gcsp=gs://scratch-andres-ttl30d/satellite-data \
  -bqsl=world-fishing-827.scratch_andres_ttl30d.satellite_positions_one_second_resolution \
  -bqproj=world-fishing-827 \
  -gcsproj=world-fishing-827 \
  -nrids \
    25544 37840 38047 40086 40087 40088 40089 40090 40091 \
    40932 40933 40934 40935 41179 41180 41181 41182 41183 41184 \
    41185 41186 41187 41188 41189 41485 41488 41489 41595 41596 \
    41598 41605 41871 41872 41873 41874 41919 41923 41925 41926 \
    41991 41992 41993 41994 41995 41996 41997 41998 42059 42067 \
    42068 42069 42752 42753 42754 42755 42771 42772 42773 42774 \
    42779 42780 42781 42782 42804 42805 42807 42808 42809 42811 \
    42812 42837 42838 42839 42840 42841 42842 42845 42881 42955 \
    42956 42957 42958 42959 42961 42962 42963 42964 43041 43045 \
    43046 43047 43048 43051 43053 43054 43070 43071 43072 43073 \
    43074 43075 43076 43077 43078 43079 43123 43124 43125 43126 \
    43165 43167 43182 43183 43184 43185 43215 43249 43250 43251 \
    43252 43253 43254 43255 43256 43257 43258 43479 43480 43481 \
    43558 43559 43560 43561 43569 43571 43572 43573 43574 43575 \
    43576 43577 43578 43695 43697 43731 43732 43745 43746 43882 \
    43883 43884 43885 43886 43887 43888 43889 43922 43924 43925 \
    43927 43929 43931 44084 44085 44086 44087 44396 44402 44403 \
    44404 44405 44407 44408 44409 44411 44413 44855 44860 44861 \
    44863 46273 46298 46299 46315 46316 46317 46318
